10
10
5
1010
  10
  5
  1010
    10
    5
    1010
      10
      5
      1010
        10
        5
        1010
          10
          5
          1010
            10
            5
            1010
              10
              5
              1010
                10
                5
                1010
                  10
                  5
                  1010
                    10
                    5
                    1010
                      10
                      5
                      1010
                        10
                        5
                        1010
                          10
                          5
                          1010
                            10
                            5
                            1010
                              10
                              5
                              1010
                                10
                                5
                                1010
                                  10
                                  5
                                  1010
                                    10
                                    5
                                    1010
                                      10
                                      5
                                      1010
                                        10
                                        5
                                        1010
                                          10
                                          5
                                          1010
                                            10
                                            5
                                            1010
                                              10
                                              5
                                              10